$ANSIBLE_VAULT;1.1;AES256
65366165383263306436313734643133643164366237646136633965633639376235663239663461
3532656163643264326565303238316533666531363137300a353163666533626231393565363335
61653632353762393561623061323634383530353037373837303566646239326166353135396237
6565353731633765380a613563633630353862643465353336363331336239323633656436653461
34356430616337323834353737383961666232343265636666316331313762656633353837333162
34626531353766313032323263373964653765393432313438333933323730633732316564323765
64323065616462666334333032653266393935656462313062303361303865303463636462623138
30616564373435393264643337356533613162333731633264346139316666636465623632653237
33643438386433353138623738613930356461353639303766633863626435646363343733306638
66396539373931393763396562383365386639623539663230346635636530386262316263313632
63326565653337323165623261626432653637613037353032393036393830373263623533383439
36666566336139353333343433626337613163366165663564363262306563646532633464623561
64616461343635343833316635333937353566303763663031343763323831353166343434353437
30386562326432323930393538623339363236623764303230373865643639636130656138316532
63393562343165366637663936663639663361313534363631393439303338316332623263343834
34343166653963323064666432353461353762363737386266646265666135373966336337316438
66383661613234643930333031643434663830316364626331356565393131363137643933366630
65393933306234393561323139653630613162303234323033326432636362396535646433666235
66356430353834393339643362646431386365396138653537626665353736636566373735333237
38393064323565643064383238613962613663663635396135393862363831303830373565643364
32326432663365343132396564666638653734636237653265313465636336326333623635363134
38376438313934653032643566306563613432383263333030643461623032383464333530616436
35636337643533333530333965303466663031376437646564396532333665376136376366323566
34633931393062613262383536336361303836396539366638396637376436373666396132383734
31303132616563376438343334303438383962353364353937363562313034366465626265656536
64633564376663316163663933326566363761333637653066666239383831336534323164376532
63666538343734336562353562616637396637393965386538356461646464656132623030353538
37356266343165343738653465623133303131666438313630396231306131396136336630343835
39303063636464366136653836343363666430343063656638333562623262303332373530333662
6264303738363735336438373335316665353864316132306566
